# Analysis Created by 'NetAna'.
# DC Mash Analysis of file: /home/jim/netana3.0/netana/examples/LadderMash9.txt
# Report file created: /home/jim/netana3.0/netana/examples/LadderMash9.report 
# Date Created: Tue Jun 24 00:29:36 2014
#


#### Units =Amps ####

i1 = 0.00079602
i2 = 0.00039801
i3 = 0.000199005
i4 = 9.95025e-05
i5 = 4.97512e-05
i6 = 2.48756e-05
i7 = 1.24378e-05
i8 = 6.21891e-06
i9 = 3.10945e-06

GOAL1 = 0.0155473 VOLTS	('I9*RL', 'VOLTS')
