# Analysis Created by 'NetAna'.
# DC Node Analysis of file: /home/jim/netana3.0/netana/examples/LadderNode10.txt
# Report file created: /home/jim/netana3.0/netana/examples/LadderNode10.report 
# Date Created: Fri Jun 20 13:32:20 2014
#


#### Units =Volts ####

e1 = 7.99201
e2 = 3.996
e3 = 1.998
e4 = 0.999001
e5 = 0.4995
e6 = 0.24975
e7 = 0.124875
e8 = 0.0624376
e9 = 0.0312188
e10 = 0.0156094

GOAL1 = 0.0031 MA.	('E10/RL*1000', 'MA.')
